1.359979
1.360882
1.308540
1.396980
1.361346
1.295076
1.312902
1.289876
1.369222
1.340814
1.382932
1.304595
1.311711
1.287904
1.360192
1.359032
1.324005
1.294271
1.396917
1.347576
1.377848
1.305297
1.324803
1.368099
1.356032
1.452675
1.334459
1.310470
1.334996
1.428948
1.343681
1.341763
1.310687
1.308925
1.346050
1.441821
1.339725
1.363334
1.332138
1.327712
1.334536
1.338769
1.373683
1.275984
1.311892
1.325598
1.320334
1.349921
1.352839
1.337524
1.323555
1.327205
1.338185
1.310128
1.310048
1.407469
1.289775
1.343652
1.284714
1.304932
1.340722
1.400269
1.342447
1.392821
1.299507
1.377337
1.349629
1.386378
1.315708
1.362672
1.322294
1.352399
1.386831
1.340991
1.393350
1.312439
1.341076
1.325492
1.312849
1.328803
1.344547
1.299395
1.356843
1.353366
1.367236
1.353108
1.316303
1.327321
1.363647
1.406659
1.412933
1.299113
1.298611
1.371070
1.328972
1.368915
1.375087
1.311598
1.352664
1.294332
